56819
19436
3778
19401
44019
42145
16210
59192
37724
20831
36018
5294
29415
62571
1900
40001
15117
1653
18345
27851
16707
28286
55855
1438
65249
24120
6188
26923
40534
36109
18959
22737
56149
47324
30639
57692
65191
39661
35944
61270
45489
58841
60270
38952
10673
3666
23349
33705
46178
33086
25871
53036
2233
60805
13275
27060
17275
41936
24719
14075
6706
64043
26955
52878
21672
39314
11843
58332
57006
40949
23239
58789
61174
22195
9983
11613
38232
43955
9241
52155
6204
44814
32674
9540
34660
41020
18173
53855
53013
59567
4252
41117
62213
5794
8462
55466
20905
7699
44337
41953
24518
63381
31878
20613
65217
2319
38274
24964
51046
33792
11651
37312
37849
15254
9644
57442
34689
4912
30915
9893
26672
32717
9094
52690
33207
9503
62447
53225
35346
5400
62399
62815
10513
59308
43767
6175
20683
50213
36464
22120
31959
38360
39184
28935
2828
20499
17009
54832
6686
10327
61263
65385
61100
40750
13792
6929
40626
42761
13832
27725
21521
4603
6604
13288
37168
2861
4437
19650
38058
58229
46570
19692
58232
2652
21618
62342
39229
6586
51378
55672
60854
21155
6878
51778
16898
33434
14185
18567
29112
47183
53602
41519
22470
29615
45282
36847
53086
38448
29802
50763
41610
35321
46335
39052
5179
10622
52322
64387
5986
28979
27197
56295
63944
664
7156
1384
52352
53066
51668
21023
14018
48186
34654
47205
34746
52393
29238
9484
49543
2819
30526
7299
18664
22101
57082
31710
49812
57172
23686
42542
9973
8964
56438
6350
65399
50133
34438
5262
13184
47260
52374
28799
30680
56129
12066
5988
56920
11228
47546
22840
51047
57409
31931
30850
32586
6158
17323
28184
41170
21099
64604
10058
16884
22788
10719
51427
24347
35760
544
11978
44195
26052
38315
49930
15335
53722
28927
20834
24684
50851
20003
1301
12958
38877
42591
48913
32250
1462
44718
18830
63867
2838
43299
7625
20436
42193
37025
57091
49893
47298
18198
58738
30733
6272
22373
8933
43683
36941
32476
58233
58520
33720
62964
58672
52176
51002
28635
37901
15043
62498
5050
58164
64933
11203
3271
57714
16259
11069
28187
19960
7793
17273
63656
50177
65435
38089
13104
40696
42329
11138
18850
12228
8144
59173
22920
54334
60601
36921
26568
46791
51878
3738
59368
35621
18509
14925
57799
18816
9818
28868
46952
22326
33637
40879
56367
35063
6945
18819
31076
8428
54478
40666
45989
12424
30420
57138
45595
20064
44877
2892
34123
14184
10391
36876
59388
63006
5814
64076
37925
27720
25630
18171
32488
25246
19206
53046
60742
30653
63905
47666
38406
47925
44057
57081
16396
25681
5290
62045
50648
48490
45518
8843
39615
1362
57654
64831
52145
4100
46527
55400
40778
55255
19445
23299
1743
57153
5337
9580
52979
17288
12169
43435
10905
8203
57465
48543
48959
29462
50710
20041
45275
3614
61415
24002
25953
22145
9098
24578
26117
14184
42048
26283
10484
50070
53858
58622
57515
44325
6710
15311
6613
4918
27112
34246
54501
49524
54835
7798
30796
3162
6682
14256
64325
3696
12484
8067
47609
26609
46777
864
45692
25091
60001
27092
22816
47852
49215
63610
39405
36863
22247
38798
1865
7732
18090
37901
8897
6721
33387
64740
20311
32337
18280
23381
31805
5324
35379
54076
20101
5882
21702
12499
20337
43581
9719
63399
61168
16608
60087
62955
30071
11007
1727
32792
63894
25185
53716
24437
13021
40976
16892
49889
26877
34301
22240
32758
35329
28753
30900
35911
41186
54198
59974
28276
58719
50605
52188
9792
37529
60601
61504
40216
45603
1417
63542
34483
24856
62187
10171
59145
33423
56913
9557
28866
51909
55379
4877
6463
63212
8732
3227
38391
31348
27748
15132
48686
64294
58524
7753
52325
25675
32674
64149
16525
56912
6396
13312
16139
32363
24631
48192
3488
26775
14919
12625
5650
30853
58462
15513
15291
23423
24447
44070
29877
37078
12742
27701
24047
46939
31367
22577
53977
18463
29519
1455
39439
47206
26484
31149
43203
33167
47296
50954
51852
48367
57352
5394
7009
36557
20063
33737
29126
11631
23886
60057
55301
50045
62598
62015
35035
3726
28573
36252
38571
28408
33174
11200
49167
7272
7049
4410
51722
34330
41718
21693
39759
11666
22657
54490
56595
55892
41967
50940
61824
9133
58393
62551
64932
30311
23446
25958
47488
56982
15177
49405
56462
40056
42267
30254
48152
32376
45333
29109
64300
60508
4134
32057
46669
49221
18550
59878
5944
27742
51490
5661
46013
26479
11634
4089
1425
35267
5013
47627
60673
30427
26540
44433
54561
43489
4844
45961
16964
29282
42738
15567
25378
36749
2138
16080
32378
355
55432
22343
41563
44071
40618
64289
60409
4667
35373
46192
46884
28314
22319
24191
26450
3487
65059
50868
45645
50693
44325
53899
2478
49193
14783
3962
9510
22771
3894
32385
47122
24488
17970
13246
337
25936
24821
34692
24906
30963
20899
46103
14110
55419
20605
48574
30818
41543
23755
60480
19853
61996
28306
16910
17890
34189
42913
42881
48965
45072
41443
44339
65092
13560
7631
10386
16403
21318
16468
42684
10320
50137
39413
64721
11964
35877
54123
42792
49743
52394
62716
21476
24390
15362
20303
54790
49489
58522
32005
56869
6641
18378
19945
37359
63979
64555
40346
25967
41862
43434
45593
13753
15913
21409
14668
27937
58312
52015
61720
6973
32923
63827
29396
10109
50966
13437
8814
45435
6339
48940
27231
63413
51344
51348
57621
47383
55612
13271
49584
35133
43604
6594
64188
24413
33889
29557
36892
15942
49580
56499
58424
64850
20570
37588
52656
22643
25896
9160
60564
46471
38854
65404
8948
51237
64275
55194
12890
2213
34936
28183
30994
65530
57022
54492
28923
48629
40424
55296
40038
33621
54147
13050
54902
10834
63847
38920
49590
10259
1156
31280
13216
62793
13861
60844
50323
11439
41093
64235
947
63840
11166
3417
33704
21908
63849
3003
63996
49587
11519
27515
54778
15697
44843
44579
65237
29809
47252
8033
12881
58596
54882
65033
51018
44775
13910
4685
18523
23143
15005
55969
32007
62747
22816
11817
31043
64966
54580
27393
15985
56363
61996
59060
21433
33862
20826
31693
39189
1003
35549
18228
62903
23815
65149
13981
33477
18815
58604
9709
31872
33240
57937
24332
49158
23018
38289
15860
31134
4334
46090
5273
6327
61642
19503
46873
47574
17762
27307
5061
13843
